0.0938641	0.0543082	0.18763	0.315152	0.164966	0.184079	
0.0795327	0.0373291	0.154642	0.35318	0.152798	0.222518	
0.0922901	0.0458321	0.187825	0.307247	0.172646	0.194161	
0.0962569	0.0451792	0.183012	0.314615	0.181827	0.179109	
0.0745056	0.0364866	0.138332	0.378952	0.152312	0.219412	
0.100424	0.0539673	0.136535	0.338083	0.16853	0.20246	
0.101661	0.0538974	0.188148	0.25903	0.21415	0.183114	
0.0869179	0.0450901	0.164377	0.371205	0.147591	0.184819	
0.0922111	0.0505687	0.190296	0.311493	0.153902	0.201529	
0.108741	0.0503468	0.209596	0.231374	0.202855	0.197087	
0.10146	0.0469987	0.198875	0.274532	0.19597	0.182165	
0.0558414	0.0396141	0.193171	0.206749	0.328842	0.175782	
0.090639	0.0548806	0.165538	0.294078	0.207484	0.187379	
0.0913207	0.0506476	0.168927	0.244827	0.252281	0.191996	
0.0966512	0.0533378	0.188896	0.315822	0.170105	0.175188	
0.0748637	0.0387376	0.132432	0.392644	0.150424	0.210899	
0.0855854	0.0422847	0.138635	0.363965	0.148505	0.221024	
0.0778724	0.0385175	0.155893	0.367044	0.164111	0.196561	
0.0934218	0.0451569	0.189785	0.314969	0.164792	0.191876	
0.0908302	0.0526582	0.192276	0.312179	0.176871	0.175186	
0.111812	0.0708785	0.191407	0.242975	0.212895	0.170032	
0.0672674	0.0380738	0.17365	0.361481	0.163646	0.195882	
0.0742228	0.0437284	0.15923	0.359465	0.173849	0.189506	
0.100403	0.0542699	0.180166	0.264138	0.214642	0.186382	
0.0847512	0.0431205	0.174806	0.329517	0.174955	0.19285	
0.101561	0.054287	0.178921	0.266378	0.21122	0.187633	
0.10192	0.0563651	0.18207	0.255901	0.226497	0.177247	
0.0872067	0.0475411	0.129801	0.358035	0.154533	0.222883	
0.11461	0.0561523	0.212663	0.125274	0.374746	0.116555	
0.0960193	0.0453527	0.201543	0.27617	0.20715	0.173766	
0.0904677	0.0475641	0.148915	0.349709	0.167772	0.195572	
0.125417	0.0617692	0.236749	0.146073	0.295234	0.134758	
0.0986135	0.0466515	0.167509	0.297975	0.217751	0.171501	
0.0948619	0.0558201	0.130623	0.358768	0.163917	0.19601	
0.130891	0.0639384	0.238919	0.148264	0.263219	0.154769	
0.0823599	0.0364676	0.133387	0.369077	0.145969	0.232739	
0.0888403	0.0456598	0.14317	0.358939	0.18379	0.179601	
0.102038	0.0486138	0.158214	0.33082	0.181634	0.178679	
0.0975513	0.0526051	0.186193	0.264045	0.216682	0.182924	
0.0912678	0.0482736	0.197503	0.293896	0.161639	0.20742	
0.0831861	0.0479129	0.166672	0.348029	0.175611	0.178588	
0.0895691	0.0429013	0.190597	0.311336	0.169306	0.196291	
0.0808132	0.0383559	0.155721	0.347705	0.161829	0.215576	
0.0884423	0.0460957	0.160893	0.358123	0.162861	0.183584	
0.0994894	0.0527287	0.171174	0.336932	0.163235	0.17644	
0.102356	0.037884	0.249825	0.220743	0.224135	0.165057	
0.0788798	0.0361823	0.138799	0.371698	0.147654	0.226786	
0.0974971	0.0423627	0.151717	0.33469	0.187981	0.185752	
0.0878809	0.0499285	0.136817	0.34085	0.160201	0.224323	
0.0762565	0.0466349	0.16168	0.331511	0.168359	0.215558	
0.0901916	0.0425522	0.176563	0.324121	0.176804	0.189767	
0.0923285	0.0446284	0.169036	0.356741	0.154856	0.182411	
0.0914093	0.0434234	0.205477	0.314607	0.172261	0.172823	
0.085022	0.0420207	0.172529	0.354316	0.162044	0.184068	
0.0769389	0.0418584	0.175425	0.340795	0.158904	0.206078	
0.0978878	0.0591375	0.187638	0.306835	0.167898	0.180603	
0.0972053	0.0522223	0.182293	0.268168	0.215288	0.184824	
0.100649	0.0504056	0.191265	0.326215	0.157598	0.173866	
0.109619	0.0696614	0.206602	0.174097	0.253979	0.186041	
0.111043	0.0450007	0.167078	0.292847	0.175731	0.208301	
0.107758	0.0555009	0.164587	0.330777	0.156473	0.184904	
0.0835251	0.0415354	0.152249	0.354259	0.166276	0.202155	
0.112705	0.054064	0.213433	0.193447	0.265517	0.160835	
0.096599	0.0584945	0.180121	0.273641	0.203742	0.187402	
0.0871757	0.0464227	0.174546	0.256194	0.213854	0.221808	
0.0385279	0.0205483	0.299439	0.46008	0.0841994	0.0972055	
0.0814073	0.0523137	0.171989	0.326686	0.16191	0.205694	
0.0975627	0.0473817	0.18159	0.316252	0.180596	0.176618	
0.0963137	0.0925704	0.224821	0.200946	0.214488	0.170861	
0.0840353	0.0394008	0.164065	0.345258	0.153003	0.214238	
0.111397	0.0582244	0.163502	0.301522	0.181702	0.183652	
0.102592	0.0570833	0.170896	0.276632	0.177373	0.215425	
0.0943336	0.0475589	0.198754	0.299541	0.178599	0.181213	
0.0868905	0.0486129	0.133588	0.354441	0.158123	0.218344	
0.107928	0.0509709	0.223069	0.219386	0.226366	0.17228	
0.0691618	0.0409972	0.16873	0.349092	0.178159	0.19386	
0.101439	0.0467747	0.196536	0.227274	0.244632	0.183343	
0.0995874	0.0436056	0.199426	0.291232	0.188203	0.177945	
0.0949408	0.0458911	0.173818	0.336472	0.159237	0.18964	
0.0819646	0.0376938	0.140614	0.363793	0.153598	0.222336	
0.0827227	0.0386826	0.15608	0.351048	0.155208	0.216259	
0.0922443	0.0465701	0.172888	0.338094	0.16485	0.185353	
0.0920813	0.0475546	0.174267	0.287868	0.174768	0.223461	
0.0901729	0.0358954	0.219926	0.324451	0.163997	0.165557	
0.0978672	0.0472026	0.179454	0.32806	0.163924	0.183493	
0.100526	0.053529	0.182302	0.259207	0.225416	0.179021	
0.0826144	0.038159	0.140412	0.36701	0.149954	0.22185	
0.0818101	0.0468752	0.135913	0.340209	0.197934	0.197259	
0.0737168	0.0278594	0.151015	0.413645	0.146734	0.18703	
0.137195	0.063958	0.215677	0.13857	0.265707	0.178893	
0.098535	0.0473958	0.143783	0.329339	0.16443	0.216517	
0.092796	0.0591523	0.161515	0.293745	0.188732	0.204059	
0.0822508	0.0312321	0.120119	0.33093	0.226489	0.208978	
0.101334	0.0504988	0.17908	0.319294	0.168336	0.181457	
0.103369	0.0551243	0.173958	0.307808	0.174797	0.184943	
0.0851593	0.0398543	0.173402	0.346556	0.158584	0.196444	
0.102517	0.0378172	0.180695	0.323997	0.161329	0.193644	
0.0941855	0.049887	0.174195	0.286841	0.206617	0.188274	
0.0814719	0.0459163	0.16811	0.297234	0.226	0.181268	
0.0918747	0.0420394	0.163872	0.34626	0.150656	0.205298	
0.0936335	0.0476994	0.170812	0.33343	0.170974	0.183451	
0.0652485	0.0328908	0.118665	0.371672	0.175962	0.235563	
0.0834951	0.04324	0.231252	0.249233	0.218716	0.174065	
0.0805909	0.0400055	0.151135	0.362291	0.160723	0.205255	
0.0756585	0.0381037	0.146973	0.36708	0.157829	0.214356	
0.10295	0.051442	0.192966	0.314185	0.162787	0.175669	
0.103292	0.0427238	0.205162	0.271305	0.218462	0.159055	
0.0892601	0.0398517	0.162718	0.325204	0.196648	0.186317	
0.105112	0.067234	0.157028	0.257918	0.192122	0.220587	
0.0921376	0.0496135	0.193206	0.30848	0.171484	0.185079	
0.0688042	0.0519418	0.100275	0.38341	0.172149	0.22342	
0.0976236	0.0478258	0.167744	0.302656	0.18007	0.204081	
0.0967581	0.0588435	0.184593	0.264908	0.209528	0.185368	
0.0886843	0.0443014	0.148082	0.342469	0.160642	0.21582	
0.111767	0.0615902	0.188141	0.244393	0.218099	0.17601	
0.0791962	0.036417	0.175809	0.34526	0.177118	0.1862	
0.0783561	0.0464665	0.149673	0.354794	0.172785	0.197925	
0.0741261	0.0420767	0.164846	0.376875	0.153936	0.188141	
0.110363	0.0557058	0.18548	0.302877	0.169495	0.176079	
0.0977052	0.0472274	0.17888	0.328591	0.163873	0.183723	
0.100721	0.0471855	0.179203	0.309943	0.170351	0.192597	
0.0807028	0.038924	0.160328	0.280398	0.135174	0.304472	
0.0920275	0.0450214	0.196212	0.235883	0.263848	0.167008	
0.0976049	0.0613213	0.180926	0.298411	0.177729	0.184008	
0.0965164	0.0446101	0.195702	0.306888	0.180906	0.175378	
0.0880163	0.0411974	0.18851	0.330612	0.160963	0.190702	
0.0928446	0.044082	0.197957	0.317132	0.16819	0.179793	
0.0725625	0.0482834	0.158866	0.33245	0.196315	0.191524	
0.0927582	0.0461698	0.181545	0.310797	0.157364	0.211367	
0.0774702	0.0398875	0.170669	0.356827	0.143887	0.21126	
0.0902947	0.0507546	0.189801	0.305667	0.167967	0.195515	
0.0864772	0.0479709	0.18579	0.312631	0.191765	0.175367	
0.116888	0.0454197	0.219706	0.220064	0.23548	0.162444	
0.0740888	0.0336722	0.126066	0.365266	0.173797	0.22711	
0.0858357	0.0401213	0.190269	0.261853	0.24619	0.175731	
0.317871	0.026318	0.0961859	0.187384	0.169354	0.202887	
0.0944655	0.050636	0.189651	0.254028	0.229495	0.181725	
0.0948639	0.0442247	0.181053	0.314398	0.181554	0.183906	
0.0853522	0.0429604	0.160856	0.363901	0.152029	0.1949	
0.1003	0.0650914	0.18171	0.291321	0.189364	0.172213	
0.102309	0.049095	0.188987	0.309872	0.169671	0.180065	
0.0721265	0.0698443	0.154237	0.26582	0.237796	0.200176	
0.101561	0.054287	0.178921	0.266378	0.21122	0.187633	
0.0995831	0.0477238	0.186781	0.303726	0.18664	0.175546	
0.0994452	0.0534395	0.181443	0.267343	0.213909	0.184421	
0.0839883	0.0457621	0.15852	0.366055	0.149933	0.195741	
0.100543	0.0514414	0.176312	0.324528	0.166088	0.181087	
0.0931107	0.0395771	0.241383	0.259445	0.217259	0.149224	
0.0963867	0.0532908	0.175678	0.274952	0.208662	0.19103	
0.0868832	0.043537	0.185495	0.326627	0.162933	0.194524	
0.0979876	0.0388968	0.178497	0.318354	0.174281	0.191982	
0.098008	0.0518836	0.211335	0.291181	0.167404	0.180189	
0.0397263	0.0173169	0.102754	0.399988	0.155188	0.285026	
0.112155	0.0617775	0.211628	0.175429	0.26325	0.17576	
0.0950627	0.0457201	0.174682	0.34492	0.158952	0.180663	
0.0968382	0.0549556	0.190027	0.312694	0.167911	0.177575	
0.102483	0.0444779	0.170921	0.270464	0.20027	0.211384	
0.0793215	0.0454364	0.14504	0.362404	0.165416	0.202382	
0.0789054	0.0344522	0.147723	0.372946	0.151901	0.214072	
0.0798274	0.0397521	0.145316	0.374046	0.158694	0.202364	
0.101259	0.043598	0.201347	0.268694	0.219853	0.165249	
0.0743552	0.0374959	0.144317	0.372964	0.15496	0.215908	
0.0804648	0.041616	0.151964	0.376449	0.152295	0.197211	
0.0847537	0.051688	0.135958	0.356232	0.171639	0.199729	
0.097655	0.0515284	0.180799	0.296849	0.184286	0.188882	
0.0673552	0.0385734	0.131524	0.394506	0.150879	0.217163	
0.0818478	0.039185	0.175377	0.376469	0.142002	0.18512	
0.0975371	0.0364397	0.155676	0.348981	0.173435	0.187931	
0.0952704	0.0407745	0.173281	0.304728	0.202667	0.183279	
0.102351	0.0579346	0.167392	0.330949	0.16521	0.176164	
0.0911007	0.0491508	0.136141	0.36092	0.162513	0.200175	
0.0967385	0.0488902	0.173247	0.277041	0.200569	0.203514	
0.0974848	0.0428577	0.198981	0.308545	0.176902	0.17523	
0.0846045	0.0350239	0.153447	0.365681	0.145452	0.215792	
0.0873348	0.0485496	0.190249	0.315787	0.185296	0.172784	
0.0850837	0.0563665	0.127518	0.362328	0.159425	0.209279	
0.0816503	0.0476554	0.165325	0.34395	0.174281	0.187139	
0.0902892	0.0436427	0.196659	0.32348	0.151435	0.194494	
0.102525	0.0567808	0.182862	0.261844	0.213704	0.182283	
0.0988295	0.0523825	0.170174	0.338544	0.162833	0.177237	
0.099194	0.0550324	0.17843	0.265075	0.219436	0.182832	
0.0929099	0.0454452	0.168277	0.349831	0.154953	0.188584	
0.0871538	0.0511758	0.137169	0.350719	0.169227	0.204555	
0.0890003	0.0579226	0.18058	0.241673	0.241607	0.189217	
0.0953411	0.044408	0.191901	0.308637	0.177854	0.181859	
0.0818209	0.0394198	0.154224	0.354849	0.160857	0.208829	
0.09735	0.0465275	0.176887	0.330078	0.16829	0.180868	
0.0939992	0.0452087	0.172728	0.339815	0.157174	0.191075	
0.0792678	0.0422619	0.153538	0.341224	0.16481	0.218898	
0.0793659	0.0514794	0.159967	0.325805	0.197556	0.185827	
0.0838823	0.0397471	0.150111	0.350481	0.172504	0.203274	
0.0988295	0.0523825	0.170174	0.338544	0.162833	0.177237	
0.0855405	0.0381961	0.156631	0.34428	0.186871	0.188481	
0.0946958	0.0486054	0.165661	0.355685	0.156712	0.178641	
0.0882034	0.0484966	0.206688	0.29447	0.187687	0.174455	
0.0978672	0.0472026	0.179454	0.32806	0.163924	0.183493	
0.0953195	0.0458436	0.175935	0.332213	0.160162	0.190527	
0.0821869	0.0398243	0.166314	0.36353	0.148552	0.199593	
0.0849618	0.0487913	0.17928	0.326088	0.178705	0.182174	
0.0995876	0.05585	0.175792	0.277438	0.210256	0.181077	
0.0952063	0.0453305	0.186588	0.316984	0.179898	0.175993	
0.0963032	0.0465497	0.176313	0.334126	0.161522	0.185187	
0.0963032	0.0491125	0.176313	0.328488	0.162034	0.18775	
0.100347	0.0532346	0.199019	0.299263	0.171547	0.176589	
0.0799259	0.046247	0.143636	0.352565	0.174818	0.202809	
0.186292	0.141645	0.197212	0.151028	0.201765	0.122057	
0.0999997	0.0465497	0.179356	0.326703	0.161522	0.18587	
0.0401455	0.0236718	0.0863084	0.648191	0.0944044	0.107279	
0.0917074	0.0443282	0.173343	0.342859	0.153814	0.193948	
0.0808709	0.0403919	0.166747	0.356139	0.159108	0.196743	
0.0874631	0.0455739	0.179805	0.33469	0.179933	0.172534	
0.0744569	0.0308799	0.269028	0.154703	0.324595	0.146337	
0.0924539	0.0459338	0.171574	0.322599	0.157741	0.209699	
0.0894976	0.0432601	0.163853	0.342722	0.174547	0.18612	
0.0919305	0.0426982	0.168912	0.332642	0.190429	0.173389	
0.0728531	0.0352757	0.133223	0.490832	0.122323	0.145493	
0.0872914	0.0392689	0.104258	0.418692	0.13501	0.21548	
0.0952585	0.0380403	0.202585	0.318907	0.181707	0.163502	
0.106854	0.0547339	0.162722	0.319287	0.166899	0.189504	
0.0870141	0.0466364	0.178449	0.320476	0.179539	0.187885	
0.100123	0.0572176	0.1639	0.315311	0.171121	0.192327	
0.0404727	0.101965	0.066292	0.20092	0.0747619	0.515588	
0.069433	0.0365955	0.130372	0.42675	0.133522	0.203328	
0.0687003	0.0601298	0.120139	0.327456	0.126012	0.297563	
0.14225	0.0711075	0.23597	0.154221	0.251764	0.144688	
0.0799694	0.0358219	0.143862	0.367631	0.146086	0.22663	
0.09876	0.0509723	0.178376	0.323876	0.164962	0.183053	
0.0720984	0.0428126	0.158322	0.361122	0.177212	0.188433	
0.0745162	0.0417301	0.17608	0.339299	0.175001	0.193373	
0.0966776	0.0464968	0.17765	0.334382	0.161652	0.183142	
0.086055	0.0420774	0.158408	0.375082	0.146654	0.191724	
0.0947444	0.0616586	0.134803	0.338856	0.175102	0.194836	
0.107898	0.046224	0.201882	0.236269	0.232598	0.17513	
0.0735155	0.0365908	0.134773	0.372614	0.159198	0.223308	
0.0890333	0.0431102	0.162811	0.364253	0.154977	0.185815	
0.109114	0.052333	0.20242	0.218223	0.210144	0.207765	
0.0963032	0.0465497	0.176313	0.335643	0.161522	0.18367	
0.108952	0.0558181	0.216981	0.219873	0.237984	0.160393	
0.0956413	0.050974	0.165333	0.350845	0.154117	0.183089	
0.0800811	0.0433289	0.185739	0.311344	0.198707	0.180799	
0.0911007	0.0491508	0.136141	0.36092	0.162513	0.200175	
0.0770528	0.0376607	0.134782	0.373732	0.152116	0.224657	
0.0858147	0.0382133	0.146988	0.337993	0.237265	0.153725	
0.0950587	0.0451568	0.172909	0.336647	0.166365	0.183863	
0.106105	0.046769	0.183629	0.296617	0.175431	0.191449	
0.131557	0.0440567	0.253685	0.189757	0.217023	0.163921	
0.0949674	0.0459275	0.178754	0.321687	0.176218	0.182446	
0.0934216	0.0451568	0.175457	0.324098	0.171309	0.190559	
0.0978246	0.0525686	0.178486	0.265067	0.221171	0.184883	
0.0793108	0.0332661	0.138038	0.355474	0.168383	0.225528	
0.0850551	0.0332951	0.248045	0.275867	0.181525	0.176212	
0.0766537	0.0503096	0.180686	0.29913	0.214748	0.178473	
0.079547	0.0386173	0.143718	0.425711	0.129769	0.182637	
0.0928977	0.0491464	0.196795	0.308142	0.178039	0.174979	
0.0871683	0.050226	0.211401	0.305989	0.168919	0.176297	
0.108976	0.045692	0.177016	0.28955	0.188725	0.190041	
0.0842641	0.0438691	0.151433	0.351076	0.172061	0.197296	
0.100766	0.0525486	0.175049	0.325445	0.163747	0.182444	
0.13308	0.0609289	0.158531	0.25828	0.230987	0.158193	
0.0803296	0.0493064	0.179619	0.315984	0.192042	0.18272	
0.0866689	0.035794	0.155112	0.305863	0.176959	0.239604	
0.0808132	0.0383559	0.155721	0.347705	0.161829	0.215576	
0.0798235	0.0425132	0.170885	0.342018	0.167792	0.196967	
0.103645	0.0381851	0.194646	0.299499	0.175631	0.188394	
0.0944563	0.0458542	0.17244	0.346567	0.158855	0.181828	
0.098351	0.0471197	0.181286	0.326405	0.164074	0.182765	
0.0770086	0.0426723	0.137694	0.305973	0.217527	0.219125	
0.0714418	0.0421256	0.15307	0.371124	0.167477	0.194762	
0.0845678	0.0420497	0.165198	0.365022	0.145298	0.197865	
0.0725919	0.0402018	0.111446	0.390893	0.148359	0.236507	
0.103432	0.0507686	0.163272	0.320612	0.153669	0.208247	
0.100452	0.0473568	0.172463	0.31601	0.183426	0.180291	
0.077156	0.040963	0.1559	0.385043	0.142972	0.197966	
0.0876279	0.0622842	0.184786	0.307926	0.181314	0.176061	
0.12144	0.0519044	0.228622	0.203829	0.242864	0.151341	
0.0842891	0.0350187	0.156634	0.314683	0.183126	0.226249	
0.0864739	0.0459826	0.20646	0.288507	0.195143	0.177433	
0.0949895	0.0517976	0.167889	0.300989	0.1811	0.203234	
0.0859214	0.0419889	0.134031	0.429138	0.125477	0.183444	
0.120573	0.0543387	0.235581	0.172353	0.256079	0.161074	
0.0901813	0.0424993	0.178272	0.33958	0.158657	0.190812	
0.0782439	0.0362395	0.132766	0.367518	0.142104	0.243129	
0.124393	0.0672256	0.196549	0.19014	0.220538	0.201154	
0.0941579	0.0454976	0.167781	0.35002	0.16102	0.181523	
0.0914221	0.0354346	0.182771	0.321594	0.171245	0.197533	
0.124765	0.0623245	0.169501	0.281861	0.181145	0.180403	
0.0947831	0.0460634	0.178745	0.335508	0.161222	0.183678	
0.0919501	0.0444455	0.171261	0.356238	0.156874	0.17923	
0.13259	0.0601814	0.241181	0.178037	0.239884	0.148126	
0.0962561	0.0664393	0.171081	0.309653	0.165655	0.190916	
0.0855197	0.0466601	0.164591	0.352951	0.148365	0.201913	
0.0742725	0.0448125	0.152936	0.358668	0.182899	0.186413	
0.0938494	0.0404973	0.166737	0.28444	0.200383	0.214094	
0.0894322	0.0415609	0.162724	0.343608	0.1491	0.213575	
0.0842838	0.0339274	0.1763	0.335793	0.178231	0.191465	
0.0872826	0.0346829	0.14985	0.359132	0.154361	0.214691	
0.0889948	0.0511281	0.137571	0.356592	0.168566	0.197148	
0.0973774	0.0478624	0.159226	0.328183	0.185569	0.181782	
0.0888504	0.045585	0.187574	0.326578	0.176557	0.174855	
0.0900079	0.0435968	0.172681	0.334061	0.173763	0.185891	
0.0961361	0.0477281	0.16524	0.356488	0.162752	0.171655	
0.101162	0.0478513	0.16715	0.317664	0.184511	0.181661	
0.074792	0.033728	0.127147	0.391098	0.141773	0.231462	
0.0957578	0.0423204	0.194579	0.259191	0.208503	0.199648	
0.0841831	0.0478872	0.139255	0.354926	0.177922	0.195828	
0.0979724	0.0489228	0.173818	0.330914	0.159237	0.189135	
0.0754925	0.0342351	0.159945	0.313607	0.232987	0.183733	
0.0963836	0.0444753	0.194892	0.309713	0.175017	0.179518	
0.0848845	0.0505704	0.126336	0.385438	0.153299	0.199472	
0.101366	0.0494836	0.189308	0.295931	0.182733	0.181179	
0.0890906	0.0430634	0.17171	0.344296	0.153561	0.19828	
