0.0966697	0.0933773	0.201118	0.233788	0.200048	0.174999	
0.0424434	0.0213871	0.133656	0.381824	0.143386	0.277303	
0.0674358	0.0444078	0.246662	0.234663	0.161044	0.245787	
0.0627401	0.0451408	0.173886	0.334707	0.244963	0.138562	
0.027213	0.0110471	0.0859097	0.487872	0.12199	0.265968	
0.0925205	0.0611486	0.0748253	0.399374	0.140182	0.231949	
0.11426	0.0600634	0.179478	0.142033	0.289358	0.214807	
0.0621961	0.0448132	0.135015	0.477391	0.0536924	0.226892	
0.0704806	0.0810422	0.223462	0.220717	0.199544	0.204754	
0.0550916	0.0547091	0.18396	0.262676	0.145279	0.298285	
0.0413785	0.0267459	0.149559	0.362484	0.206589	0.213244	
0.0524298	0.0195908	0.0667441	0.42291	0.120676	0.317649	
0.0938908	0.0781278	0.144541	0.278711	0.172253	0.232476	
0.0969468	0.0564302	0.147476	0.145982	0.307939	0.245226	
0.080222	0.0650509	0.208713	0.304191	0.160832	0.180991	
0.0398622	0.0373507	0.0944877	0.43428	0.143634	0.250386	
0.0476525	0.0197371	0.0452869	0.47583	0.123229	0.288264	
0.0286521	0.0293183	0.130075	0.459494	0.117435	0.235026	
0.0531223	0.0322508	0.173493	0.321033	0.202616	0.217485	
0.0652208	0.0820552	0.211112	0.272245	0.160999	0.208369	
0.136771	0.0746642	0.16987	0.162329	0.292369	0.163997	
0.0200446	0.0416799	0.159336	0.411505	0.0926459	0.274789	
0.0397725	0.0450708	0.0769995	0.440554	0.105196	0.292407	
0.106146	0.0670205	0.17317	0.141263	0.304455	0.207945	
0.0551149	0.040126	0.124941	0.401434	0.190003	0.188382	
0.112737	0.0610242	0.187502	0.145295	0.287524	0.205918	
0.0862744	0.0544716	0.198956	0.142847	0.329686	0.187766	
0.0858871	0.0511574	0.0729812	0.422391	0.132727	0.234856	
0.0974181	0.0564597	0.180541	0.15728	0.351692	0.156609	
0.0679552	0.0409179	0.193088	0.293685	0.259709	0.144645	
0.0836511	0.0451997	0.115453	0.391426	0.157275	0.206995	
0.217838	0.0976594	0.246678	0.0713129	0.302495	0.0640164	
0.08783	0.0296759	0.143458	0.27664	0.304632	0.157765	
0.0944588	0.0554481	0.0726021	0.41896	0.147626	0.210905	
0.143753	0.0962394	0.228094	0.128475	0.24167	0.161769	
0.0744999	0.0237309	0.0401613	0.435425	0.145139	0.281045	
0.0646666	0.0309581	0.0759996	0.440666	0.235754	0.151956	
0.163004	0.0571856	0.126139	0.251944	0.247055	0.154671	
0.102975	0.0566655	0.193899	0.138698	0.304127	0.203635	
0.0678128	0.0751687	0.21336	0.29356	0.143991	0.206107	
0.0454671	0.0386124	0.130479	0.375053	0.254683	0.155705	
0.0678276	0.0392155	0.237168	0.163719	0.295823	0.196247	
0.0445335	0.0221955	0.133969	0.365034	0.178104	0.256164	
0.105275	0.0593122	0.112749	0.318181	0.19027	0.214214	
0.0431175	0.0372871	0.086664	0.536633	0.084556	0.211742	
0.120806	0.0295656	0.301162	0.168756	0.213975	0.165736	
0.0481777	0.019959	0.0409799	0.482871	0.130659	0.277352	
0.0976368	0.040934	0.100184	0.342351	0.196559	0.222336	
0.0845312	0.0551161	0.0859484	0.363165	0.142848	0.268391	
0.0264646	0.0597769	0.0957212	0.333026	0.124383	0.360628	
0.0609202	0.0471985	0.140104	0.38822	0.185834	0.177724	
0.0495005	0.0332893	0.139283	0.470091	0.172152	0.135684	
0.0931984	0.0585605	0.278682	0.225149	0.208188	0.136223	
0.056759	0.0332952	0.140321	0.399927	0.112293	0.257405	
0.0387109	0.0490083	0.164813	0.335365	0.144011	0.268092	
0.102635	0.106227	0.202493	0.234094	0.1436	0.210951	
0.103435	0.0519366	0.208689	0.138813	0.277056	0.22007	
0.0790397	0.0704723	0.207136	0.342814	0.140345	0.160193	
0.0696066	0.0585091	0.151589	0.269183	0.216424	0.234688	
0.13866	0.0861129	0.176274	0.196568	0.208936	0.193449	
0.165215	0.0797412	0.133428	0.193372	0.196311	0.231933	
0.0601927	0.0314915	0.107651	0.410352	0.160329	0.229983	
0.0416667	0.0436328	0.158973	0.275871	0.229864	0.249993	
0.106797	0.0781266	0.176154	0.175736	0.244025	0.219161	
0.060121	0.0463003	0.149819	0.327262	0.168347	0.24815	
0.0540921	0.0676605	0.0953419	0.365564	0.146578	0.270763	
0.0499058	0.0724808	0.150034	0.315797	0.145707	0.266075	
0.0647801	0.0354748	0.149514	0.371416	0.230766	0.148049	
0.0563389	0.0407017	0.126083	0.252496	0.317817	0.206563	
0.0160999	0.00704082	0.119419	0.402147	0.116827	0.338466	
0.0617515	0.0371023	0.156317	0.324323	0.248963	0.171542	
0.0811371	0.0513629	0.111408	0.319682	0.150235	0.286175	
0.0617903	0.0321804	0.221449	0.25499	0.268606	0.160984	
0.0776189	0.0488987	0.0738719	0.410994	0.13221	0.256406	
0.0846459	0.0837095	0.217777	0.238919	0.148305	0.226643	
0.0496515	0.0457419	0.0863297	0.372346	0.12994	0.315991	
0.159639	0.0840373	0.194712	0.143115	0.240868	0.177628	
0.117914	0.0487849	0.272627	0.152687	0.256986	0.151	
0.0479683	0.0383694	0.143279	0.426926	0.175967	0.16749	
0.0477656	0.0198285	0.0353849	0.469656	0.15373	0.273635	
0.0537717	0.0251374	0.0876223	0.434952	0.146018	0.252498	
0.067171	0.038479	0.128826	0.451372	0.130876	0.183276	
0.0816894	0.0633343	0.233152	0.201689	0.207036	0.2131	
0.151589	0.0705382	0.370974	0.0998648	0.192914	0.11412	
0.0620352	0.0386782	0.152341	0.350048	0.206511	0.190386	
0.112853	0.0606766	0.171709	0.141128	0.307066	0.206568	
0.0576018	0.0199312	0.0300621	0.469818	0.132127	0.290461	
0.0604739	0.0343383	0.0899505	0.439991	0.147954	0.227293	
0.0586541	0.0264539	0.139255	0.447432	0.139727	0.188479	
0.138367	0.0906778	0.230178	0.11999	0.26801	0.152777	
0.0812673	0.0480202	0.155865	0.260281	0.161546	0.293021	
0.10378	0.0970466	0.160992	0.142193	0.24259	0.253398	
0.0664636	0.0144164	0.120295	0.442429	0.115665	0.240731	
0.102944	0.0795266	0.180748	0.321995	0.190474	0.124313	
0.12413	0.122213	0.176607	0.189977	0.232578	0.154495	
0.0165113	0.00713603	0.177117	0.366264	0.16209	0.270882	
0.149998	0.0298353	0.300247	0.148995	0.158217	0.212706	
0.0962002	0.0525729	0.150794	0.233378	0.234369	0.232686	
0.0368076	0.0443644	0.149909	0.194863	0.354729	0.219327	
0.0976487	0.0206246	0.0915479	0.353383	0.103388	0.333408	
0.119653	0.072164	0.155363	0.181179	0.238225	0.233416	
0.118775	0.0544031	0.138989	0.2955	0.146744	0.245588	
0.122518	0.0618181	0.298733	0.170357	0.202573	0.144	
0.0250689	0.0265725	0.100981	0.45664	0.131849	0.258889	
0.0370289	0.0545955	0.0964894	0.44001	0.126506	0.24537	
0.0771884	0.090075	0.191601	0.32906	0.155107	0.156969	
0.140802	0.0753629	0.297148	0.06691	0.343632	0.0761456	
0.100605	0.0439156	0.16242	0.246781	0.275064	0.171214	
0.153945	0.0533453	0.142302	0.277136	0.127555	0.245717	
0.0709764	0.0593282	0.217438	0.280331	0.165557	0.20637	
0.0734395	0.0966538	0.182675	0.137257	0.163405	0.346569	
0.0800478	0.0446465	0.0920731	0.243501	0.202522	0.337209	
0.0995085	0.0637486	0.166528	0.143928	0.307919	0.218368	
0.0772283	0.0418651	0.0700301	0.391556	0.172804	0.246517	
0.127038	0.0726447	0.182497	0.164294	0.277578	0.175949	
0.0442441	0.0300776	0.169603	0.439051	0.181869	0.135155	
0.0703504	0.0528839	0.133895	0.402872	0.14558	0.194418	
0.0190154	0.040821	0.124658	0.444489	0.105365	0.26565	
0.120986	0.0743765	0.179063	0.324024	0.180142	0.121409	
0.105732	0.0687659	0.152631	0.381682	0.160887	0.130301	
0.0995815	0.0495179	0.225935	0.169454	0.204695	0.250817	
0.0570849	0.0328228	0.149601	0.361762	0.196948	0.201781	
0.0724695	0.0345606	0.177516	0.173799	0.293391	0.248265	
0.101789	0.114644	0.162041	0.152682	0.300178	0.168665	
0.0500336	0.0295856	0.198515	0.333663	0.260776	0.127427	
0.13734	0.0680491	0.266717	0.144461	0.237198	0.146234	
0.0560612	0.0323158	0.152549	0.36533	0.202689	0.191055	
0.0382009	0.0409628	0.134349	0.384582	0.137673	0.264233	
0.0663013	0.038542	0.18719	0.323824	0.19738	0.186763	
0.021875	0.0337936	0.136813	0.426751	0.0987092	0.282059	
0.0635891	0.0585519	0.20405	0.268452	0.151039	0.254318	
0.068978	0.0636999	0.180852	0.213657	0.312522	0.160291	
0.162692	0.0586476	0.296924	0.131877	0.22128	0.128579	
0.0394039	0.0141654	0.0871925	0.388841	0.226063	0.244334	
0.114284	0.0496633	0.238248	0.0640611	0.396859	0.136886	
0.124869	0.0341512	0.0836956	0.323284	0.146916	0.287084	
0.0994188	0.0527405	0.179636	0.141888	0.315034	0.211282	
0.106328	0.0425122	0.156021	0.279314	0.236438	0.179387	
0.0467892	0.0457878	0.108929	0.47489	0.118464	0.20514	
0.116008	0.10883	0.211825	0.220445	0.194255	0.148637	
0.109138	0.0711032	0.200737	0.310325	0.186416	0.122281	
0.0651554	0.0811058	0.15054	0.208241	0.18536	0.309598	
0.110108	0.0576712	0.189797	0.138382	0.304697	0.199344	
0.0800327	0.0571668	0.181519	0.319608	0.23332	0.128354	
0.112751	0.0610534	0.187493	0.145002	0.287752	0.205949	
0.0447068	0.0314889	0.118422	0.416543	0.139295	0.249544	
0.0952337	0.0626055	0.122453	0.327886	0.175172	0.21665	
0.109561	0.0693879	0.165636	0.295746	0.184446	0.175222	
0.114161	0.0618001	0.189863	0.140028	0.291201	0.202947	
0.0655454	0.0647188	0.200955	0.309276	0.1426	0.216905	
0.141697	0.0272908	0.274193	0.211969	0.196947	0.147903	
0.101037	0.0746809	0.260717	0.223715	0.177334	0.162516	
0.0704373	0.0261425	0.193667	0.160337	0.337823	0.211593	
0.0862528	0.0739627	0.172193	0.217786	0.233108	0.216697	
0.0552884	0.0317899	0.144165	0.387384	0.19075	0.190622	
0.0953015	0.0862574	0.215797	0.26692	0.161577	0.174148	
0.14196	0.0459172	0.267263	0.103839	0.230989	0.210032	
0.0560453	0.0433631	0.0921392	0.420645	0.157862	0.229946	
0.0517987	0.026221	0.078919	0.472946	0.122712	0.247404	
0.0250384	0.0265366	0.0906817	0.482591	0.132209	0.242943	
0.0476748	0.0286073	0.150816	0.36169	0.227829	0.183383	
0.0374955	0.0551744	0.0971908	0.437282	0.12754	0.245317	
0.0781274	0.0573897	0.0826669	0.433988	0.121818	0.22601	
0.0727746	0.0675036	0.0752032	0.423868	0.148486	0.212165	
0.0973932	0.0733324	0.181898	0.19894	0.237818	0.210618	
0.0782866	0.0286263	0.0933878	0.387318	0.138773	0.273609	
0.0655753	0.0356584	0.162906	0.440341	0.0901635	0.205356	
0.141661	0.0499392	0.28431	0.119809	0.217924	0.186357	
0.108438	0.0360535	0.145566	0.257197	0.268526	0.18422	
0.0723417	0.0842658	0.0702262	0.451694	0.092435	0.229037	
0.0871835	0.0436348	0.070014	0.384947	0.20041	0.21381	
0.114095	0.0570046	0.157223	0.179831	0.250456	0.24139	
0.102611	0.0558758	0.168022	0.289646	0.173941	0.209904	
0.0732825	0.0174933	0.0927678	0.453277	0.117623	0.245556	
0.0710785	0.0566826	0.198487	0.200844	0.294796	0.178112	
0.0692068	0.0776645	0.0588948	0.420627	0.13289	0.240717	
0.0468951	0.0570225	0.130635	0.270708	0.263602	0.231137	
0.0612869	0.0326139	0.186356	0.33128	0.209881	0.178582	
0.11089	0.05902	0.186472	0.147185	0.288775	0.207658	
0.0434561	0.037685	0.0704803	0.56013	0.0832752	0.204973	
0.119717	0.0665073	0.181525	0.138315	0.292021	0.201915	
0.0498946	0.0356266	0.129882	0.460089	0.177209	0.147299	
0.0867136	0.0593331	0.0997424	0.401211	0.157197	0.195804	
0.0771235	0.090165	0.158866	0.219283	0.184123	0.27044	
0.0568623	0.0340157	0.222362	0.321125	0.218437	0.147198	
0.0405045	0.0265079	0.10403	0.432609	0.121601	0.274747	
0.0696433	0.0445487	0.17253	0.341038	0.238099	0.13414	
0.0486615	0.0386949	0.146084	0.460792	0.131327	0.174441	
0.0262432	0.0273355	0.108441	0.456118	0.109176	0.272686	
0.0619803	0.0646008	0.142904	0.343243	0.144882	0.24239	
0.0326145	0.034729	0.114666	0.446265	0.12669	0.245036	
0.0434561	0.037685	0.0704803	0.56013	0.0832752	0.204973	
0.0725138	0.016774	0.115481	0.36437	0.213615	0.217246	
0.0905111	0.0695647	0.112994	0.307119	0.167494	0.252317	
0.0774084	0.0653747	0.271978	0.206953	0.21205	0.166236	
0.054495	0.0313337	0.148218	0.344776	0.229447	0.19173	
0.0630898	0.0514915	0.137128	0.39078	0.121427	0.236083	
0.0434583	0.0115274	0.109248	0.422385	0.0996833	0.313698	
0.051005	0.0636965	0.177127	0.228435	0.250296	0.22944	
0.117132	0.0713811	0.166719	0.157264	0.275733	0.21177	
0.0995492	0.0509552	0.186012	0.240452	0.232468	0.190564	
0.0666777	0.0395559	0.155924	0.343338	0.200353	0.194151	
0.208899	0.0865731	0.278496	0.119427	0.207001	0.0996036	
0.0997763	0.0737269	0.265854	0.220861	0.175188	0.164594	
0.0440933	0.0394727	0.113537	0.479226	0.131339	0.192332	
0.0355766	0.053044	0.165453	0.330835	0.2103	0.204792	
0.0826798	0.0345849	0.183648	0.317154	0.208691	0.173243	
0.0422593	0.0477572	0.0799686	0.412141	0.107996	0.309878	
0.107564	0.0678827	0.13594	0.337662	0.14848	0.202471	
0.0442879	0.0115959	0.111259	0.379257	0.147957	0.305643	
0.0652482	0.0536909	0.210122	0.327115	0.180954	0.162871	
0.0973769	0.0310663	0.191117	0.170581	0.262451	0.247408	
0.0719078	0.0524932	0.136967	0.386177	0.152881	0.199573	
0.0627593	0.0454521	0.24241	0.248205	0.251281	0.149893	
0.111463	0.0494011	0.176976	0.244227	0.272673	0.145259	
0.0486907	0.0338447	0.136741	0.398811	0.211484	0.170429	
0.119411	0.0689149	0.139924	0.333279	0.152396	0.186075	
0.116994	0.0377212	0.292521	0.183112	0.17776	0.191892	
0.23604	0.0800388	0.158664	0.173813	0.184735	0.166709	
0.04737	0.0354492	0.13481	0.237367	0.275084	0.269919	
0.0931008	0.0554335	0.118254	0.356538	0.162676	0.213998	
0.0528745	0.0789353	0.064982	0.376916	0.117082	0.309211	
0.027433	0.0296449	0.0362278	0.574345	0.098708	0.233641	
0.0313973	0.0506839	0.0631404	0.368984	0.104439	0.381356	
0.149135	0.0975208	0.205378	0.169485	0.230093	0.148389	
0.062618	0.024384	0.0686005	0.411034	0.129412	0.303951	
0.108831	0.0554421	0.216195	0.312376	0.190086	0.11707	
0.0400544	0.0451743	0.0810094	0.428427	0.111002	0.294333	
0.035678	0.0445994	0.214627	0.359426	0.176105	0.169565	
0.0552184	0.0317496	0.143982	0.384633	0.190509	0.193908	
0.0471875	0.0348874	0.140046	0.436291	0.125169	0.216419	
0.118426	0.0952505	0.0936939	0.368261	0.165188	0.15918	
0.0590481	0.0373644	0.152648	0.297106	0.243877	0.209957	
0.0615214	0.0189244	0.0918304	0.448398	0.118847	0.260478	
0.0774716	0.0521322	0.234577	0.277318	0.205034	0.153467	
0.0550165	0.0435896	0.113724	0.352842	0.178601	0.256227	
0.0550538	0.0316549	0.143553	0.385931	0.189941	0.193866	
0.0598863	0.0524181	0.142273	0.390139	0.115288	0.239996	
0.0433102	0.0332916	0.061625	0.583211	0.0527949	0.225768	
0.0658078	0.0557231	0.210547	0.291218	0.202682	0.174022	
0.0871835	0.0436348	0.070014	0.384947	0.20041	0.21381	
0.0559209	0.0201654	0.058073	0.447437	0.154333	0.26407	
0.081992	0.0539517	0.120661	0.305373	0.234737	0.203286	
0.0601047	0.0322734	0.165499	0.343082	0.232161	0.16688	
0.188107	0.0553538	0.272494	0.143458	0.197519	0.143068	
0.13616	0.0432498	0.275531	0.140758	0.214054	0.190247	
0.0803461	0.0363436	0.20131	0.3208	0.207903	0.153298	
0.0898927	0.0624933	0.124347	0.35698	0.207123	0.159164	
0.102172	0.0562461	0.167299	0.144432	0.319726	0.210124	
0.0821888	0.0305862	0.088002	0.438826	0.125578	0.234819	
0.155423	0.0279074	0.25066	0.194441	0.228685	0.142884	
0.0535107	0.0441444	0.179166	0.253749	0.238434	0.230996	
0.0634582	0.0389866	0.14298	0.371269	0.189654	0.193652	
0.0759779	0.0600864	0.235869	0.267263	0.190017	0.170787	
0.0857074	0.0782315	0.216178	0.268151	0.168214	0.183519	
0.206807	0.0462053	0.267899	0.136622	0.197165	0.145302	
0.0357439	0.0554427	0.10781	0.437039	0.121892	0.242073	
0.0663305	0.0577902	0.134232	0.383557	0.191038	0.167052	
0.0613705	0.0262638	0.16753	0.364493	0.204107	0.176236	
0.0471029	0.0629674	0.154925	0.314869	0.219942	0.200193	
0.0863525	0.0242249	0.0929397	0.35651	0.146748	0.293225	
0.0445335	0.0221955	0.133969	0.365034	0.178104	0.256164	
0.069024	0.0548262	0.146868	0.296277	0.207732	0.225273	
0.0487562	0.0183033	0.158212	0.366793	0.177464	0.230471	
0.0625975	0.0320478	0.134324	0.38075	0.196961	0.19332	
0.054495	0.0313337	0.148218	0.344776	0.229447	0.19173	
0.0324191	0.0284955	0.111118	0.402485	0.197789	0.227693	
0.0529408	0.054932	0.0873113	0.402344	0.110194	0.292277	
0.0621783	0.0402525	0.160589	0.405814	0.0821028	0.249063	
0.0422002	0.0401087	0.0658718	0.456157	0.142532	0.25313	
0.211344	0.060043	0.140395	0.229973	0.138659	0.219586	
0.0920413	0.046982	0.183034	0.197743	0.245294	0.234906	
0.0280266	0.0217776	0.0766873	0.489064	0.0872485	0.297196	
0.116633	0.0512814	0.167565	0.238458	0.260271	0.165792	
0.154958	0.058754	0.280215	0.118237	0.252455	0.13538	
0.108044	0.0329418	0.109625	0.367942	0.139087	0.242361	
0.0362532	0.0369891	0.173938	0.334562	0.184227	0.23403	
0.085962	0.0700971	0.138479	0.314426	0.196032	0.195005	
0.110054	0.0383114	0.10048	0.47263	0.106653	0.171873	
0.0708409	0.0383735	0.225223	0.15888	0.314463	0.19222	
0.0551872	0.0479467	0.25411	0.225741	0.144736	0.272279	
0.0482518	0.0199897	0.030189	0.480484	0.124744	0.296342	
0.0876288	0.0668459	0.131614	0.287419	0.114706	0.311786	
0.132098	0.0557648	0.203038	0.257583	0.217674	0.133842	
0.126639	0.0344646	0.26321	0.238026	0.175397	0.162263	
0.183071	0.0810134	0.183353	0.204294	0.201807	0.146462	
0.0577449	0.0333902	0.15688	0.364155	0.198977	0.188852	
0.0674557	0.0403801	0.144204	0.391045	0.193643	0.163271	
0.140751	0.0861009	0.279151	0.0697226	0.25851	0.165765	
0.0987001	0.0947374	0.152785	0.292805	0.179625	0.181348	
0.050897	0.0401351	0.0865059	0.431956	0.0804335	0.310073	
0.0697751	0.0509674	0.0666557	0.363922	0.160961	0.287718	
0.0957367	0.0434225	0.107973	0.343515	0.137425	0.271927	
0.0987834	0.020619	0.0910846	0.355	0.103572	0.330941	
0.0405883	0.0131786	0.127245	0.466149	0.149067	0.203771	
0.0821275	0.0259233	0.0930901	0.442826	0.127021	0.229012	
0.0788395	0.0511821	0.0854188	0.385365	0.18222	0.216975	
0.0846775	0.0492604	0.0848487	0.223498	0.23766	0.320055	
0.064693	0.0591582	0.236302	0.266459	0.174537	0.198851	
0.0947385	0.0299543	0.172185	0.333055	0.191726	0.178341	
0.13128	0.0787675	0.155237	0.267706	0.183892	0.183118	
0.137443	0.0579949	0.16875	0.178497	0.17994	0.277376	
0.0535484	0.0211395	0.0377198	0.480421	0.134105	0.273067	
0.0717987	0.0578061	0.13268	0.258873	0.178458	0.300385	
0.0574458	0.0419283	0.095934	0.485617	0.136089	0.182987	
0.089216	0.114135	0.149073	0.33176	0.149639	0.166177	
0.0662507	0.0570575	0.179145	0.199254	0.2285	0.269792	
0.0670574	0.0393103	0.202422	0.357169	0.189709	0.144332	
0.069438	0.0612567	0.124066	0.389447	0.122844	0.232948	
0.110355	0.0325342	0.188026	0.241283	0.214507	0.213296	
0.0695643	0.0370785	0.120294	0.403109	0.127272	0.242683	
