0.0997029	0.098519	0.219811	0.221244	0.195114	0.165609	
0.0401594	0.0202362	0.127939	0.406243	0.13567	0.269753	
0.0634646	0.0417927	0.232137	0.264174	0.151561	0.246871	
0.0657257	0.0426847	0.167625	0.316496	0.238034	0.169435	
0.0441736	0.0233623	0.0811499	0.460841	0.1337	0.256773	
0.114492	0.062343	0.0764092	0.37784	0.138802	0.230114	
0.114088	0.0614214	0.188569	0.134298	0.298515	0.203109	
0.0608412	0.0423545	0.133094	0.468344	0.0617196	0.233647	
0.0661951	0.0761145	0.209874	0.252036	0.187411	0.208369	
0.0518815	0.0515213	0.173241	0.294957	0.136814	0.291585	
0.0487333	0.0297894	0.164499	0.342515	0.210257	0.204206	
0.0494509	0.0184777	0.0629518	0.437586	0.113819	0.317715	
0.116848	0.0784202	0.142261	0.262955	0.168994	0.230521	
0.0961098	0.0533119	0.150881	0.137915	0.324078	0.237704	
0.0843083	0.0678519	0.217644	0.287849	0.171079	0.171268	
0.0376522	0.03528	0.0940726	0.434308	0.153345	0.245342	
0.0669825	0.0436701	0.0428829	0.450572	0.116687	0.279205	
0.0296123	0.0277136	0.130535	0.434344	0.146372	0.231423	
0.0530562	0.0305064	0.177458	0.308585	0.203599	0.226795	
0.0617497	0.0776882	0.199876	0.296783	0.166624	0.197279	
0.131894	0.0941723	0.167022	0.155944	0.281498	0.16947	
0.0189287	0.0393595	0.151991	0.435115	0.0874882	0.267118	
0.0374888	0.0424829	0.0725783	0.472676	0.0991561	0.275618	
0.110591	0.0680409	0.183222	0.141084	0.292843	0.204218	
0.0521508	0.037968	0.123513	0.383372	0.208877	0.194119	
0.112344	0.0626635	0.186635	0.137628	0.300121	0.200608	
0.122177	0.0515402	0.188249	0.135159	0.323002	0.179873	
0.0811431	0.0483317	0.0743847	0.402684	0.155275	0.238182	
0.0955628	0.0531787	0.191148	0.148141	0.361348	0.150623	
0.0774643	0.0486483	0.193696	0.284424	0.252472	0.143296	
0.0791443	0.0427645	0.114534	0.373871	0.177946	0.21174	
0.21842	0.102015	0.244091	0.0753017	0.292697	0.0674742	
0.0854433	0.0280599	0.142828	0.281321	0.296418	0.16593	
0.089385	0.0524698	0.0687023	0.440872	0.139697	0.208874	
0.13685	0.0984339	0.230778	0.121106	0.257325	0.155507	
0.0704665	0.0224461	0.037987	0.448731	0.137281	0.283089	
0.0611679	0.0292832	0.0718877	0.45006	0.222999	0.164602	
0.18356	0.0572464	0.125172	0.238271	0.240882	0.154869	
0.107585	0.0582355	0.20284	0.138655	0.292543	0.200141	
0.0644395	0.0706581	0.211657	0.275945	0.167607	0.209694	
0.0514698	0.0487352	0.130653	0.355492	0.260378	0.153272	
0.0648301	0.0370985	0.252358	0.155545	0.286521	0.203647	
0.0444104	0.0209721	0.134346	0.35656	0.176825	0.266887	
0.0989243	0.0557344	0.105948	0.343372	0.178793	0.217229	
0.0499562	0.0352238	0.092244	0.506938	0.0902526	0.225386	
0.122801	0.036778	0.294722	0.170355	0.213926	0.161417	
0.0455924	0.018888	0.0387808	0.493514	0.123648	0.279577	
0.092332	0.03871	0.0947404	0.32375	0.18588	0.264587	
0.0798994	0.0520961	0.0833485	0.367852	0.136423	0.28038	
0.02694	0.0565605	0.108295	0.315107	0.141747	0.351351	
0.0592237	0.0445399	0.164277	0.369817	0.184898	0.177245	
0.0467417	0.031434	0.13152	0.445117	0.208493	0.136694	
0.0940282	0.085399	0.263162	0.217127	0.196594	0.143689	
0.0536965	0.0351458	0.138582	0.414075	0.106234	0.252267	
0.0403387	0.0468237	0.162128	0.347482	0.142482	0.260745	
0.0971631	0.100564	0.191698	0.260708	0.150163	0.199705	
0.103843	0.0536956	0.216015	0.131428	0.286656	0.208363	
0.0750312	0.0662836	0.205819	0.322439	0.163953	0.166474	
0.067104	0.0552411	0.153277	0.267536	0.2288	0.228042	
0.145168	0.0814015	0.178234	0.196591	0.197505	0.201101	
0.156286	0.0754314	0.126217	0.229104	0.185701	0.227262	
0.0593317	0.029817	0.10894	0.407813	0.159982	0.234116	
0.044216	0.0419286	0.166474	0.260722	0.246941	0.239719	
0.105466	0.0739679	0.177908	0.166382	0.262974	0.213302	
0.0591216	0.0437883	0.153447	0.309507	0.174584	0.259552	
0.0514064	0.0637351	0.0911682	0.344355	0.180681	0.268654	
0.0471325	0.0728375	0.141697	0.298248	0.162473	0.277613	
0.0700016	0.042379	0.151753	0.361385	0.229753	0.144728	
0.0568408	0.0384701	0.139076	0.238653	0.328784	0.198176	
0.015224	0.00665779	0.12216	0.394643	0.135105	0.326211	
0.0612043	0.0350413	0.161343	0.311357	0.247399	0.183655	
0.0904581	0.0600987	0.119913	0.301386	0.153541	0.274604	
0.0679697	0.0302059	0.221667	0.239344	0.278969	0.161844	
0.0734392	0.0462656	0.0751922	0.392395	0.15422	0.258489	
0.0849964	0.0790259	0.231024	0.225551	0.16544	0.213962	
0.0467653	0.043083	0.0813114	0.398176	0.122387	0.308277	
0.150854	0.0873703	0.183996	0.146509	0.227612	0.203658	
0.11065	0.0457794	0.255831	0.1786	0.241154	0.167986	
0.0517929	0.0362623	0.13864	0.40348	0.172763	0.197061	
0.045212	0.0187685	0.0482431	0.453764	0.145512	0.288501	
0.0509068	0.0237981	0.0829538	0.449836	0.138239	0.254267	
0.0633049	0.0362643	0.121412	0.464243	0.123343	0.191433	
0.0770914	0.0597694	0.220028	0.226472	0.195383	0.221256	
0.141785	0.0659764	0.346983	0.149806	0.180438	0.115012	
0.0587437	0.036626	0.150105	0.331475	0.235121	0.18793	
0.111172	0.0573921	0.173733	0.133488	0.322922	0.201292	
0.0545124	0.0188622	0.0432473	0.453866	0.12504	0.304472	
0.0760882	0.0385829	0.085047	0.416005	0.162141	0.222136	
0.055363	0.0249696	0.152987	0.422326	0.156126	0.188228	
0.130281	0.0853782	0.216726	0.112977	0.305922	0.148716	
0.0768421	0.0454054	0.147377	0.29182	0.15275	0.285805	
0.105188	0.0916315	0.156507	0.164862	0.231755	0.250057	
0.0625189	0.0135608	0.113155	0.467551	0.1088	0.234415	
0.097167	0.0750639	0.170605	0.338998	0.200829	0.117337	
0.11682	0.115016	0.166207	0.23768	0.218881	0.145397	
0.0156007	0.00674249	0.167349	0.384471	0.153151	0.272686	
0.140937	0.028033	0.28211	0.188635	0.14866	0.211625	
0.0954327	0.049771	0.153901	0.22094	0.253855	0.2261	
0.057097	0.0674264	0.141798	0.184319	0.335536	0.213823	
0.0923063	0.0194962	0.0865392	0.368244	0.118248	0.315166	
0.113207	0.0784159	0.146993	0.179657	0.225392	0.256335	
0.122104	0.0514214	0.145424	0.279304	0.158378	0.243369	
0.114352	0.0576978	0.278822	0.197214	0.189071	0.162843	
0.0333183	0.0251531	0.102435	0.441835	0.14535	0.251908	
0.0372915	0.051526	0.0992618	0.415271	0.151019	0.24563	
0.0856988	0.0946368	0.192263	0.318261	0.15415	0.15499	
0.132088	0.0706991	0.278759	0.0982478	0.322366	0.0978396	
0.101148	0.0457816	0.170863	0.233391	0.282642	0.166173	
0.150445	0.0503839	0.159636	0.261752	0.145707	0.232076	
0.0755552	0.0624338	0.225892	0.265285	0.175541	0.195293	
0.0693595	0.0912842	0.191815	0.135804	0.154327	0.35741	
0.0814133	0.0518333	0.0966331	0.233232	0.200322	0.336566	
0.100134	0.0648954	0.176234	0.136162	0.315991	0.206584	
0.0730842	0.0396187	0.0662723	0.407098	0.163531	0.250396	
0.121006	0.0696193	0.17833	0.157187	0.269638	0.204219	
0.0480008	0.0284555	0.172062	0.415373	0.206879	0.12923	
0.0776406	0.0536945	0.160759	0.380681	0.143516	0.183709	
0.0179468	0.0385271	0.117653	0.444484	0.0994443	0.281944	
0.127105	0.0799047	0.180454	0.313359	0.177735	0.121443	
0.101575	0.0649514	0.175742	0.363922	0.161349	0.13246	
0.104607	0.0627864	0.22778	0.162091	0.205542	0.237194	
0.0539451	0.0310175	0.147433	0.341865	0.227132	0.198607	
0.0683904	0.0326153	0.167524	0.209986	0.276877	0.244608	
0.0962704	0.108428	0.163796	0.147419	0.28842	0.195667	
0.0600288	0.0375289	0.198784	0.32266	0.253877	0.127121	
0.133665	0.0673254	0.260904	0.168348	0.22449	0.145267	
0.0530229	0.0305643	0.150253	0.34553	0.23212	0.18851	
0.0420758	0.0446845	0.133643	0.372254	0.15701	0.250333	
0.0691098	0.0364324	0.180163	0.3061	0.193014	0.215182	
0.0206709	0.0319335	0.129282	0.438362	0.093276	0.286476	
0.0607973	0.0554077	0.203026	0.254036	0.171794	0.254939	
0.0652399	0.0602478	0.181586	0.205091	0.3001	0.187735	
0.153674	0.0553969	0.304455	0.156006	0.209015	0.121453	
0.0372498	0.013391	0.0824258	0.400068	0.21529	0.251576	
0.11604	0.048163	0.24867	0.060523	0.397278	0.129325	
0.116878	0.0319656	0.0783393	0.366592	0.137514	0.268711	
0.10005	0.0544825	0.188641	0.134226	0.322727	0.199873	
0.10075	0.0400092	0.157726	0.262869	0.254166	0.184479	
0.0441432	0.0431985	0.102769	0.483378	0.132971	0.19354	
0.109686	0.102899	0.200282	0.208432	0.238163	0.140537	
0.103	0.0671042	0.189447	0.328023	0.197022	0.115404	
0.0615689	0.0766413	0.157616	0.198061	0.182835	0.323277	
0.11433	0.0591844	0.198937	0.138357	0.293108	0.196085	
0.077237	0.0539203	0.203538	0.30495	0.22968	0.130674	
0.112357	0.0626929	0.186626	0.137342	0.30035	0.200631	
0.042225	0.0297409	0.111849	0.425961	0.131562	0.258662	
0.0965047	0.0629463	0.135544	0.318732	0.176362	0.209911	
0.103462	0.0760028	0.156416	0.287795	0.174179	0.202145	
0.113687	0.063418	0.188859	0.132549	0.303755	0.197731	
0.0623349	0.0611878	0.208905	0.292402	0.169008	0.206162	
0.133543	0.0257205	0.258416	0.253296	0.185615	0.143409	
0.122235	0.078214	0.246719	0.211703	0.18423	0.156899	
0.0663155	0.0246127	0.183552	0.191185	0.320495	0.213841	
0.0814208	0.0698192	0.162546	0.236829	0.220049	0.229336	
0.0523381	0.0300935	0.142352	0.366712	0.220365	0.188139	
0.0902016	0.0816414	0.204249	0.295003	0.15293	0.175975	
0.136801	0.0433857	0.260533	0.126566	0.226258	0.206457	
0.0589249	0.0708641	0.0870422	0.401861	0.149129	0.232178	
0.0544235	0.0247932	0.0746215	0.492117	0.117391	0.236654	
0.0332707	0.0251223	0.0926813	0.466437	0.145661	0.236828	
0.0853988	0.0270781	0.142754	0.342356	0.226635	0.175777	
0.0377325	0.0520649	0.0999303	0.412638	0.152054	0.245581	
0.0738666	0.0542598	0.07992	0.448141	0.116936	0.226877	
0.0787027	0.0638764	0.0787279	0.421527	0.156402	0.200765	
0.117127	0.0742481	0.18174	0.194459	0.23157	0.200856	
0.0739304	0.0270333	0.0881912	0.387166	0.131051	0.292628	
0.0769136	0.0455964	0.165878	0.416232	0.0971174	0.198262	
0.139357	0.0562042	0.280482	0.130369	0.216235	0.177352	
0.112777	0.0359339	0.16293	0.242886	0.263957	0.181515	
0.0684618	0.0797462	0.0664597	0.464872	0.0874773	0.232983	
0.0824989	0.0412901	0.0662519	0.396922	0.189642	0.223395	
0.108836	0.0548666	0.154482	0.171951	0.244084	0.26578	
0.101951	0.0527261	0.184174	0.273319	0.189759	0.198071	
0.0707673	0.0189298	0.101107	0.43033	0.141281	0.237585	
0.0672946	0.0536651	0.190236	0.222556	0.279103	0.187145	
0.0753847	0.0734517	0.0633376	0.418439	0.141727	0.22766	
0.0566423	0.0604363	0.131505	0.256031	0.260153	0.235232	
0.0607738	0.0308311	0.18966	0.31814	0.210478	0.190117	
0.11059	0.0607895	0.185649	0.139309	0.301481	0.202181	
0.0410961	0.0356384	0.0818099	0.530976	0.0863286	0.224151	
0.119251	0.0675064	0.190433	0.130842	0.300962	0.191006	
0.0535867	0.0336842	0.126007	0.435004	0.173959	0.177759	
0.0819785	0.0560931	0.0942958	0.391976	0.148613	0.227044	
0.072836	0.0851524	0.154604	0.22461	0.173886	0.288912	
0.0537029	0.0321257	0.210007	0.304505	0.252095	0.147565	
0.038348	0.0250966	0.103124	0.432726	0.1321	0.268606	
0.0722618	0.0421169	0.166322	0.322421	0.231522	0.165356	
0.0459186	0.0365138	0.13785	0.436059	0.170381	0.173278	
0.027336	0.0258384	0.110087	0.431137	0.138584	0.267018	
0.0584472	0.0609183	0.134758	0.369821	0.136623	0.239432	
0.0333405	0.0328724	0.11594	0.422407	0.15446	0.24098	
0.0410961	0.0356384	0.0818099	0.530976	0.0863286	0.224151	
0.0816453	0.0232364	0.11122	0.344587	0.224809	0.214502	
0.0852102	0.0654905	0.106376	0.332225	0.157685	0.253013	
0.0732327	0.0618481	0.257306	0.218348	0.200611	0.188653	
0.0516269	0.0296845	0.140417	0.363993	0.217371	0.196907	
0.0595022	0.0485634	0.12933	0.404099	0.135847	0.222658	
0.0411117	0.0109049	0.103349	0.433682	0.0943006	0.316652	
0.0515417	0.0720331	0.174121	0.227837	0.246624	0.227843	
0.115256	0.06759	0.16897	0.148912	0.292955	0.206317	
0.0941931	0.0482137	0.186764	0.24407	0.235687	0.191072	
0.063106	0.037437	0.147571	0.363713	0.189621	0.198552	
0.224355	0.0848363	0.264343	0.116336	0.211716	0.0984141	
0.120759	0.0772636	0.25177	0.20916	0.182106	0.158941	
0.0529013	0.0410347	0.141752	0.452612	0.130048	0.181651	
0.0335249	0.0499851	0.161585	0.315539	0.229367	0.209998	
0.0810166	0.0327161	0.18706	0.304928	0.209345	0.184934	
0.0397225	0.0448903	0.0763025	0.43497	0.10491	0.299205	
0.101867	0.0638527	0.138851	0.317616	0.171578	0.206235	
0.0419063	0.0109724	0.105276	0.392472	0.160166	0.289207	
0.0617776	0.050835	0.198945	0.309715	0.224519	0.154207	
0.0949132	0.0523714	0.187159	0.163951	0.253664	0.247941	
0.0696114	0.0495604	0.161119	0.368038	0.153794	0.197877	
0.06889	0.0426583	0.24134	0.232949	0.262727	0.151436	
0.104881	0.046484	0.166526	0.263658	0.256572	0.161878	
0.0525921	0.0319289	0.13233	0.376236	0.20617	0.200743	
0.114441	0.0667332	0.145188	0.335989	0.153725	0.183923	
0.111921	0.0356679	0.28999	0.174441	0.206103	0.181876	
0.235495	0.0879806	0.162329	0.164358	0.188847	0.160991	
0.0518524	0.0405751	0.135043	0.236291	0.267745	0.268494	
0.0878007	0.0522778	0.111522	0.371821	0.174763	0.201815	
0.0495777	0.0740136	0.0609303	0.407261	0.109782	0.298436	
0.0259427	0.0292405	0.041502	0.556422	0.0981757	0.248717	
0.0296121	0.0478021	0.0595503	0.388198	0.0985005	0.376337	
0.143206	0.0936752	0.208366	0.178856	0.225596	0.1503	
0.0646613	0.0230511	0.0648507	0.433662	0.123705	0.29007	
0.102848	0.0523939	0.204308	0.296411	0.224949	0.11909	
0.0377896	0.04262	0.0774974	0.449008	0.107925	0.285159	
0.054602	0.0587051	0.204427	0.338741	0.183719	0.159806	
0.0522754	0.0300574	0.142181	0.364133	0.220101	0.191252	
0.0444976	0.0328986	0.132062	0.447048	0.139411	0.204082	
0.117895	0.0900414	0.108187	0.348122	0.181715	0.15404	
0.0594027	0.0353086	0.164225	0.280759	0.258951	0.201354	
0.0581555	0.017889	0.0868064	0.462541	0.112345	0.262263	
0.0728586	0.049028	0.220609	0.294942	0.192826	0.169736	
0.0519444	0.0434841	0.122495	0.338958	0.168628	0.274491	
0.0521278	0.0299725	0.14178	0.36542	0.21948	0.19122	
0.0578187	0.0570696	0.149789	0.36803	0.137916	0.229376	
0.0409458	0.0351642	0.0641616	0.587519	0.0499128	0.222296	
0.0622109	0.0526774	0.199039	0.298158	0.191604	0.19631	
0.0824989	0.0412901	0.0662519	0.396922	0.189642	0.223395	
0.0587585	0.0249474	0.0615277	0.431925	0.172397	0.250444	
0.0773836	0.0509193	0.113879	0.340947	0.221543	0.195328	
0.0596606	0.0305266	0.169899	0.329433	0.231547	0.178934	
0.205329	0.0552949	0.258124	0.138903	0.202948	0.139402	
0.144777	0.0524985	0.274847	0.132685	0.215858	0.179336	
0.0885278	0.0438087	0.201421	0.310654	0.20403	0.151559	
0.0866055	0.0590167	0.149097	0.340543	0.205014	0.159723	
0.106795	0.0578283	0.177589	0.144087	0.307391	0.20631	
0.0774878	0.0288367	0.0853537	0.417301	0.118395	0.272625	
0.145777	0.0261753	0.235103	0.240105	0.214492	0.138348	
0.0543257	0.042207	0.175642	0.270603	0.231575	0.225648	
0.0628044	0.0367814	0.148852	0.355411	0.191416	0.204735	
0.0718924	0.0568554	0.223186	0.295463	0.179799	0.172804	
0.0814028	0.0739692	0.223287	0.253541	0.193191	0.17461	
0.19441	0.0434355	0.25184	0.1767	0.185346	0.148269	
0.0337901	0.0524122	0.101917	0.41315	0.115229	0.283501	
0.0691314	0.0546338	0.130112	0.362608	0.187028	0.196486	
0.057698	0.0246921	0.157505	0.402523	0.191893	0.16569	
0.0581543	0.0762946	0.159543	0.297619	0.219163	0.189225	
0.0898062	0.0311154	0.0983133	0.339532	0.158289	0.282945	
0.0444104	0.0209721	0.134346	0.35656	0.176825	0.266887	
0.0689673	0.0523301	0.145189	0.3105	0.202685	0.220329	
0.0658452	0.0329921	0.151673	0.346941	0.18455	0.217998	
0.0620223	0.0303246	0.140371	0.365165	0.198243	0.203874	
0.0516269	0.0296845	0.140417	0.363993	0.217371	0.196907	
0.0305525	0.0268547	0.10472	0.379311	0.186401	0.272161	
0.0499188	0.0517963	0.083406	0.424611	0.107135	0.283133	
0.0588356	0.0417223	0.157767	0.419594	0.0776889	0.244393	
0.0396948	0.0377274	0.0751543	0.443467	0.143066	0.26089	
0.213236	0.0567807	0.156171	0.217478	0.141572	0.214762	
0.0871109	0.0468437	0.176802	0.193101	0.25477	0.241371	
0.0352119	0.0206113	0.0812664	0.462871	0.0912619	0.308778	
0.115148	0.0519885	0.176352	0.22531	0.273139	0.158063	
0.162224	0.0555263	0.289951	0.111742	0.246185	0.134371	
0.101916	0.0310732	0.105772	0.350615	0.131197	0.279427	
0.0342659	0.0349615	0.164403	0.360311	0.174129	0.231929	
0.0812065	0.0662193	0.130818	0.298248	0.230782	0.192725	
0.123112	0.042106	0.110925	0.445976	0.115701	0.16218	
0.107813	0.0362949	0.213023	0.150274	0.308561	0.184034	
0.0521458	0.0453043	0.271734	0.2133	0.150658	0.266857	
0.0456587	0.0189154	0.0433936	0.463927	0.11804	0.310065	
0.0967399	0.0748373	0.139095	0.270673	0.120142	0.298514	
0.132142	0.0561488	0.223352	0.243717	0.21198	0.132661	
0.13329	0.0325469	0.272533	0.224782	0.176337	0.160511	
0.172908	0.0765161	0.179459	0.192953	0.212599	0.165566	
0.0546432	0.0315967	0.148454	0.383468	0.188289	0.19355	
0.0666117	0.0381892	0.149771	0.37476	0.195117	0.175551	
0.16305	0.0845552	0.26965	0.0658454	0.251548	0.165351	
0.105945	0.0990068	0.155624	0.284115	0.177297	0.178013	
0.0568395	0.037992	0.0905469	0.40889	0.0847989	0.320933	
0.0657984	0.0480625	0.0628567	0.388018	0.151787	0.283477	
0.0916497	0.0485683	0.117404	0.324107	0.158735	0.259536	
0.0933412	0.0194831	0.0860665	0.369875	0.118525	0.312709	
0.0524215	0.0218741	0.140121	0.439058	0.144461	0.202064	
0.0790876	0.0269226	0.101548	0.420074	0.150553	0.221815	
0.0838182	0.048429	0.0808242	0.364637	0.216988	0.205304	
0.0795146	0.0462569	0.0796754	0.263044	0.223169	0.308339	
0.0697781	0.06238	0.244001	0.251665	0.184365	0.187811	
0.0888621	0.0280964	0.161505	0.366491	0.179834	0.175212	
0.148839	0.0765622	0.160427	0.253045	0.184879	0.176249	
0.137423	0.0635841	0.174893	0.168838	0.182859	0.272403	
0.0505876	0.0199706	0.0356342	0.491522	0.12669	0.275596	
0.0677913	0.0545797	0.125274	0.290007	0.168497	0.29385	
0.0655875	0.0433672	0.125398	0.458397	0.13452	0.17273	
0.097051	0.117338	0.152143	0.320801	0.148992	0.163675	
0.0673855	0.0586954	0.171723	0.216894	0.221945	0.263357	
0.0633749	0.0371515	0.191306	0.338763	0.224552	0.144852	
0.0655253	0.057805	0.124463	0.385055	0.128854	0.238298	
0.103828	0.0306098	0.176904	0.286161	0.201818	0.200679	
0.0656439	0.0349889	0.113515	0.415614	0.141233	0.229006	
