0.142315	0.0743244	0.178391	0.207247	0.117954	0.279769	
0.173789	0.0777544	0.197261	0.168815	0.148621	0.233759	
0.117911	0.0527356	0.175723	0.240427	0.0965304	0.316673	
0.123359	0.0646595	0.191841	0.223072	0.111198	0.285871	
0.143243	0.0620476	0.185369	0.232456	0.124299	0.252585	
0.121933	0.0808264	0.179086	0.232267	0.118598	0.267289	
0.148966	0.0850704	0.250114	0.148261	0.194016	0.173573	
0.113607	0.0882874	0.112806	0.321612	0.120648	0.24304	
0.0944602	0.0670669	0.187826	0.216112	0.114614	0.319921	
0.0639967	0.0894841	0.193817	0.183377	0.13663	0.332695	
0.0742955	0.0522307	0.132429	0.255163	0.133809	0.352073	
0.105499	0.064321	0.240985	0.0765274	0.367879	0.144789	
0.107144	0.0856641	0.198384	0.15101	0.166184	0.291614	
0.0632842	0.0540843	0.122149	0.133493	0.367748	0.259242	
0.104788	0.101553	0.143864	0.198412	0.118571	0.332812	
0.0711855	0.0549075	0.103624	0.41057	0.106593	0.253119	
0.17938	0.0646958	0.195982	0.185263	0.123872	0.250807	
0.0964446	0.0797258	0.142619	0.276963	0.17974	0.224508	
0.100376	0.0389406	0.185829	0.237454	0.111802	0.325599	
0.0990834	0.131242	0.130294	0.172723	0.112553	0.354104	
0.122276	0.10079	0.220875	0.191133	0.175614	0.189311	
0.0544646	0.0534659	0.129394	0.345022	0.0949379	0.322716	
0.071159	0.089801	0.170471	0.252271	0.123868	0.29243	
0.108131	0.112118	0.17523	0.14828	0.255428	0.200814	
0.0877043	0.061182	0.123907	0.333088	0.103288	0.29083	
0.127134	0.0883733	0.17857	0.194774	0.191309	0.219839	
0.103574	0.0720891	0.18783	0.227575	0.15675	0.252182	
0.0818519	0.0846697	0.162612	0.237668	0.12785	0.305348	
0.114016	0.0800283	0.197436	0.0901576	0.336877	0.181485	
0.150414	0.0680685	0.20399	0.0964488	0.306444	0.174635	
0.125451	0.0923093	0.171724	0.178364	0.154361	0.27779	
0.160903	0.0937572	0.242739	0.0731006	0.275228	0.154272	
0.166525	0.117264	0.182593	0.110857	0.221415	0.201346	
0.120542	0.0997416	0.1864	0.178847	0.126172	0.288297	
0.163324	0.0997998	0.241249	0.111512	0.188108	0.196007	
0.154589	0.0597082	0.1592	0.181105	0.140182	0.305216	
0.12476	0.0592994	0.126652	0.280627	0.105555	0.303106	
0.159325	0.0686562	0.192183	0.170413	0.125168	0.284255	
0.106881	0.0786745	0.194263	0.224059	0.154414	0.241708	
0.119061	0.0563317	0.236787	0.141115	0.165803	0.280903	
0.113675	0.0908669	0.17041	0.215058	0.141735	0.268255	
0.118532	0.0575915	0.1547	0.18715	0.165577	0.316449	
0.124299	0.0697888	0.237299	0.181063	0.18008	0.20747	
0.128884	0.0506347	0.167616	0.268122	0.136159	0.248585	
0.0952435	0.081393	0.12242	0.322895	0.111353	0.266696	
0.123465	0.0659953	0.267115	0.109621	0.163543	0.270261	
0.163806	0.0642031	0.214643	0.179685	0.134463	0.2432	
0.12029	0.0966419	0.15057	0.236352	0.105622	0.290524	
0.0630546	0.0603451	0.178912	0.225303	0.11414	0.358246	
0.0980603	0.0765504	0.145724	0.192264	0.115213	0.372189	
0.125493	0.0693953	0.183732	0.22418	0.106857	0.290342	
0.112197	0.0479706	0.181271	0.249914	0.119014	0.289634	
0.10179	0.084775	0.207036	0.192888	0.119749	0.293762	
0.105247	0.0659476	0.142226	0.264182	0.112846	0.309551	
0.0409531	0.0669788	0.131464	0.286925	0.103262	0.370417	
0.0994703	0.132879	0.152714	0.139592	0.167133	0.308212	
0.0903475	0.0713242	0.241347	0.187351	0.132335	0.277295	
0.11696	0.15292	0.131695	0.17359	0.21606	0.208775	
0.0888836	0.0872665	0.190205	0.196771	0.161697	0.275177	
0.108483	0.120298	0.135365	0.145783	0.169898	0.320173	
0.15526	0.0921238	0.149468	0.164031	0.123325	0.315793	
0.115244	0.0808083	0.138961	0.234989	0.142073	0.287924	
0.0863592	0.0787942	0.211919	0.140971	0.179072	0.302884	
0.131092	0.117881	0.215876	0.192874	0.141896	0.200381	
0.131565	0.0437777	0.148872	0.279416	0.119405	0.276964	
0.0645138	0.0411932	0.310196	0.358756	0.102267	0.123074	
0.0557406	0.0924651	0.132283	0.223056	0.0997604	0.396695	
0.113721	0.0459805	0.173065	0.246323	0.0978268	0.323084	
0.0744135	0.145243	0.23443	0.197005	0.104634	0.244274	
0.0984523	0.0534895	0.11536	0.272611	0.0927772	0.36731	
0.18856	0.106674	0.120566	0.160405	0.171407	0.252389	
0.0895708	0.0544712	0.238601	0.1446	0.223542	0.249215	
0.133778	0.0623704	0.166979	0.208759	0.137192	0.290921	
0.0684014	0.0861628	0.168992	0.258148	0.104929	0.313366	
0.0661364	0.0882373	0.197067	0.12824	0.125495	0.394824	
0.0888194	0.0745675	0.187866	0.187576	0.11771	0.343461	
0.104319	0.106712	0.130215	0.171123	0.176186	0.311445	
0.136634	0.052162	0.212552	0.14819	0.211989	0.238473	
0.122996	0.0636948	0.197713	0.253916	0.0984683	0.263212	
0.170143	0.0574878	0.194511	0.219125	0.121382	0.237351	
0.160946	0.0690079	0.18452	0.188048	0.122873	0.274605	
0.0989338	0.0622457	0.197229	0.282613	0.106182	0.252795	
0.112965	0.0728289	0.134142	0.164602	0.173468	0.341994	
0.100819	0.0564494	0.179883	0.368031	0.109283	0.185534	
0.127158	0.0637482	0.194618	0.190256	0.148851	0.275369	
0.117525	0.0656052	0.189107	0.138737	0.306967	0.182059	
0.181538	0.0564061	0.162687	0.157461	0.13341	0.308498	
0.0974088	0.0829795	0.171727	0.170706	0.173438	0.303741	
0.110998	0.0559462	0.200241	0.265733	0.139849	0.227233	
0.155784	0.0832389	0.22931	0.0636112	0.266554	0.201502	
0.0481006	0.0581421	0.166716	0.267981	0.163027	0.296034	
0.164549	0.0980214	0.180786	0.127255	0.153772	0.275618	
0.120525	0.0493171	0.122895	0.219056	0.26901	0.219198	
0.144043	0.0841892	0.162146	0.209346	0.135499	0.264777	
0.136759	0.0878254	0.179739	0.180445	0.163551	0.251681	
0.0839076	0.0549533	0.140296	0.307493	0.0931838	0.320166	
0.174588	0.0388784	0.25185	0.186701	0.106471	0.241512	
0.10641	0.076296	0.199878	0.22805	0.179133	0.210232	
0.0738531	0.0856671	0.159182	0.185922	0.124317	0.371059	
0.0615474	0.0692264	0.0936342	0.285943	0.128763	0.360886	
0.146177	0.0798085	0.154445	0.17958	0.133447	0.306542	
0.121568	0.0689384	0.113795	0.273969	0.119356	0.302374	
0.0883731	0.0666183	0.286428	0.0911254	0.238196	0.229259	
0.116237	0.0927014	0.137289	0.214983	0.143871	0.294919	
0.0523539	0.0843921	0.153957	0.273767	0.0818556	0.353675	
0.140993	0.0984898	0.190857	0.155444	0.130174	0.284042	
0.149437	0.0798887	0.21716	0.113573	0.234053	0.205888	
0.166502	0.0820893	0.185729	0.17563	0.139958	0.250093	
0.170108	0.0598174	0.158059	0.232565	0.117496	0.261954	
0.0931002	0.102182	0.146018	0.176524	0.152567	0.329609	
0.0641547	0.106291	0.140932	0.141369	0.105498	0.441754	
0.122605	0.0721702	0.155326	0.189744	0.125823	0.334331	
0.0938082	0.132826	0.222194	0.149501	0.198428	0.203243	
0.176856	0.0598757	0.200034	0.197001	0.121402	0.244831	
0.119154	0.0871409	0.197899	0.222137	0.137827	0.235841	
0.11892	0.0837278	0.188183	0.182399	0.138261	0.28851	
0.0958466	0.0781178	0.16555	0.212066	0.0925658	0.355854	
0.0693365	0.0782029	0.184238	0.287239	0.0995444	0.28144	
0.161814	0.0775061	0.183659	0.199866	0.137929	0.239225	
0.168275	0.0804205	0.171582	0.210321	0.113897	0.255505	
0.152904	0.0921018	0.208899	0.167469	0.141102	0.237523	
0.0623028	0.0316233	0.144608	0.119776	0.071518	0.570172	
0.10189	0.0538323	0.242634	0.135073	0.165309	0.301261	
0.141964	0.106096	0.149935	0.205335	0.138521	0.258149	
0.110562	0.0454519	0.211667	0.229493	0.11633	0.286496	
0.116433	0.0733149	0.259279	0.235488	0.0930189	0.222466	
0.110217	0.04608	0.223519	0.222623	0.110172	0.287389	
0.093438	0.0871339	0.185401	0.209592	0.132334	0.292102	
0.130943	0.0443393	0.207781	0.204785	0.112607	0.299545	
0.0708686	0.0653083	0.189215	0.215128	0.129014	0.330466	
0.11359	0.105428	0.142214	0.186418	0.114018	0.338331	
0.124496	0.0837593	0.133838	0.27251	0.143404	0.241993	
0.142736	0.0646467	0.280197	0.161885	0.161974	0.188561	
0.139757	0.0727363	0.209029	0.235453	0.129699	0.213326	
0.103089	0.0468033	0.134296	0.148291	0.306712	0.260809	
0.384914	0.0388832	0.0625022	0.0800048	0.165363	0.268333	
0.0854467	0.056276	0.218461	0.142093	0.316119	0.181605	
0.156494	0.0689807	0.1732	0.166443	0.178217	0.256665	
0.0987706	0.0526641	0.159458	0.251743	0.0876389	0.349725	
0.168613	0.0827544	0.15659	0.211292	0.162948	0.217803	
0.136238	0.0603901	0.177594	0.228219	0.11656	0.281	
0.100152	0.0943767	0.169051	0.169247	0.141548	0.325625	
0.135079	0.0861217	0.21803	0.17031	0.187719	0.20274	
0.146219	0.0818658	0.226169	0.0990706	0.214467	0.232208	
0.122296	0.0746764	0.21702	0.159706	0.206264	0.220037	
0.0943214	0.0587254	0.139053	0.301668	0.128415	0.277818	
0.17717	0.0687415	0.144185	0.172755	0.104801	0.332347	
0.0788237	0.0795812	0.105529	0.296265	0.122172	0.317629	
0.124947	0.0816079	0.190824	0.17468	0.192979	0.234962	
0.105723	0.121225	0.158461	0.177675	0.161404	0.275513	
0.12969	0.0321797	0.310181	0.166682	0.150037	0.21123	
0.124897	0.12048	0.247661	0.1231	0.154028	0.229834	
0.0577739	0.0359412	0.109965	0.352304	0.130085	0.313931	
0.104253	0.0831896	0.192105	0.186328	0.152908	0.281215	
0.112713	0.0443622	0.176353	0.270632	0.0986331	0.297306	
0.108064	0.103099	0.154222	0.17592	0.127933	0.330761	
0.105748	0.0556415	0.242802	0.135549	0.146504	0.313756	
0.113809	0.0776633	0.1634	0.176928	0.137577	0.330623	
0.134555	0.0741115	0.171005	0.225875	0.11847	0.275984	
0.132825	0.0935405	0.165946	0.169561	0.148193	0.289935	
0.0808818	0.0630795	0.146387	0.379916	0.152184	0.177552	
0.0470626	0.0786847	0.140658	0.295496	0.0827677	0.355332	
0.172383	0.0720983	0.177395	0.17808	0.132924	0.26712	
0.0611863	0.0569443	0.168165	0.302303	0.160238	0.251163	
0.0995151	0.0539819	0.226188	0.20826	0.0914838	0.320571	
0.119851	0.0560695	0.153115	0.331344	0.0966617	0.242959	
0.121628	0.0723294	0.132722	0.272269	0.117686	0.283365	
0.109926	0.0312424	0.258612	0.178224	0.171689	0.250306	
0.117115	0.0874009	0.21967	0.16984	0.145169	0.260805	
0.113684	0.0660555	0.0826225	0.310856	0.08532	0.341461	
0.071931	0.0775463	0.162576	0.254547	0.117921	0.315479	
0.124106	0.0936389	0.199964	0.170973	0.154197	0.257121	
0.112094	0.0720559	0.158269	0.244039	0.118743	0.294798	
0.167606	0.0743329	0.197558	0.190077	0.131539	0.238887	
0.146936	0.0881164	0.120114	0.253751	0.118678	0.272404	
0.0596915	0.0334146	0.119243	0.36841	0.083403	0.335838	
0.113368	0.0793925	0.122718	0.303497	0.123595	0.25743	
0.106404	0.0332417	0.236247	0.209351	0.134844	0.279911	
0.140442	0.100724	0.211481	0.145788	0.212957	0.188608	
0.125043	0.0600828	0.123747	0.276823	0.114842	0.299462	
0.102625	0.0842068	0.193156	0.16733	0.163923	0.288759	
0.11896	0.0477007	0.182676	0.236248	0.102912	0.311505	
0.100975	0.085156	0.186368	0.202747	0.156234	0.26852	
0.103442	0.0877483	0.132642	0.257676	0.127478	0.291014	
0.112364	0.0444102	0.193093	0.212794	0.148953	0.288385	
0.106723	0.0970234	0.138352	0.230452	0.1354	0.29205	
0.116673	0.0391191	0.217867	0.202226	0.166311	0.257805	
0.106515	0.066344	0.13889	0.324118	0.0841824	0.279951	
0.100314	0.0761098	0.13068	0.251515	0.158571	0.282809	
0.0908311	0.0737562	0.18731	0.177336	0.15358	0.317186	
0.142517	0.10039	0.18361	0.146269	0.181985	0.24523	
0.125043	0.0600828	0.123747	0.276823	0.114842	0.299462	
0.12648	0.0701481	0.149407	0.261823	0.120885	0.271257	
0.145511	0.0650661	0.161835	0.167086	0.175554	0.284948	
0.0895556	0.102938	0.182382	0.100414	0.273926	0.250784	
0.113392	0.0460084	0.173276	0.246244	0.0980132	0.323067	
0.108368	0.0728403	0.161978	0.207371	0.104453	0.344988	
0.069805	0.0736925	0.098236	0.281763	0.138631	0.337873	
0.0721893	0.0861811	0.171125	0.191551	0.118337	0.360617	
0.116559	0.0530462	0.16771	0.275822	0.144779	0.242083	
0.13926	0.0798144	0.198388	0.186971	0.11407	0.281496	
0.129881	0.0559699	0.193175	0.204788	0.111918	0.304267	
0.149917	0.0929312	0.176703	0.15284	0.178957	0.248651	
0.138689	0.136638	0.141625	0.166021	0.137462	0.279565	
0.0875318	0.0736675	0.212397	0.19305	0.14566	0.287694	
0.166188	0.148172	0.207041	0.0649067	0.184596	0.229096	
0.153209	0.0459249	0.226166	0.180274	0.12796	0.266466	
0.0486734	0.0325278	0.0837795	0.6196	0.0701098	0.14531	
0.162438	0.0900882	0.174652	0.156645	0.171276	0.244901	
0.115579	0.0751008	0.172793	0.202841	0.113115	0.320571	
0.0701201	0.109789	0.111363	0.20319	0.160378	0.34516	
0.0727032	0.0394576	0.304962	0.098509	0.313184	0.171184	
0.134694	0.0683674	0.228999	0.184276	0.144554	0.23911	
0.136932	0.0911093	0.202499	0.150988	0.161393	0.257078	
0.130246	0.0526701	0.182955	0.242091	0.102889	0.289148	
0.0601116	0.0327819	0.110302	0.576559	0.0745912	0.145655	
0.150143	0.0775569	0.224421	0.154638	0.154332	0.23891	
0.0975706	0.091598	0.219094	0.149818	0.125657	0.316262	
0.205216	0.0682896	0.169102	0.172336	0.109574	0.275483	
0.102525	0.0867494	0.137033	0.212304	0.107971	0.353418	
0.166138	0.071756	0.132919	0.187903	0.156616	0.284668	
0.0693285	0.117024	0.106765	0.122306	0.0981772	0.486399	
0.133448	0.0670472	0.146183	0.270394	0.10913	0.273799	
0.0845195	0.103851	0.128957	0.17838	0.0891212	0.415171	
0.166396	0.0837365	0.229869	0.0985594	0.216652	0.204787	
0.0854898	0.0477834	0.197079	0.255539	0.113706	0.300403	
0.155817	0.0456766	0.22675	0.18443	0.161735	0.225592	
0.0653638	0.0857985	0.161639	0.280384	0.124088	0.282727	
0.0646257	0.0738635	0.190956	0.21556	0.18264	0.272355	
0.107184	0.0416037	0.169285	0.293333	0.0942233	0.294371	
0.094768	0.038147	0.202448	0.219599	0.11254	0.332498	
0.181841	0.0962318	0.201913	0.126255	0.202354	0.191406	
0.0913555	0.0817269	0.199525	0.19195	0.148012	0.287431	
0.115917	0.0614062	0.187743	0.236613	0.114118	0.284202	
0.129421	0.0833693	0.202994	0.165312	0.158793	0.26011	
0.0842223	0.0528599	0.211925	0.161895	0.187125	0.301972	
0.11349	0.0460009	0.173213	0.246266	0.0979589	0.323072	
0.0832997	0.06564	0.213223	0.182334	0.155182	0.300321	
0.100487	0.0667948	0.098022	0.326469	0.0945556	0.313672	
0.0703207	0.102141	0.134814	0.218626	0.120189	0.353908	
0.071931	0.0775463	0.162576	0.254547	0.117921	0.315479	
0.179086	0.0606998	0.189959	0.224251	0.157248	0.188758	
0.105547	0.0926577	0.169012	0.158521	0.156548	0.317714	
0.112497	0.0426213	0.229146	0.197024	0.139812	0.278899	
0.167738	0.0421949	0.283921	0.134922	0.177855	0.193369	
0.144464	0.0584209	0.331758	0.091841	0.150195	0.22332	
0.13538	0.043116	0.204252	0.222885	0.105689	0.288678	
0.145335	0.0686343	0.155716	0.213851	0.121964	0.2945	
0.122296	0.0746764	0.21702	0.159706	0.206264	0.220037	
0.115876	0.0619294	0.189037	0.22411	0.135656	0.273392	
0.0798062	0.0232449	0.361735	0.147261	0.162313	0.225639	
0.0734429	0.0897347	0.164416	0.191149	0.132552	0.348706	
0.0611318	0.0371787	0.0980554	0.511362	0.0688561	0.223416	
0.105588	0.114185	0.145269	0.153328	0.172277	0.309354	
0.0966602	0.0760565	0.147894	0.238347	0.113513	0.327529	
0.199756	0.0580461	0.183245	0.185345	0.136843	0.236765	
0.0889155	0.113823	0.150852	0.172749	0.141282	0.332378	
0.111114	0.0498132	0.17742	0.255993	0.0941578	0.311502	
0.204275	0.0953692	0.152395	0.0910026	0.258971	0.197986	
0.0933631	0.0978004	0.160333	0.179177	0.181887	0.287438	
0.109661	0.0712841	0.134952	0.259361	0.130685	0.294057	
0.124299	0.0697888	0.237299	0.181063	0.18008	0.20747	
0.0616029	0.0996681	0.148237	0.212544	0.131511	0.346437	
0.122385	0.0818043	0.233145	0.176082	0.158934	0.22765	
0.122277	0.0476754	0.182515	0.220053	0.105461	0.322019	
0.113146	0.0460241	0.173432	0.246195	0.0981453	0.323057	
0.0756332	0.0522155	0.127705	0.0748157	0.411063	0.258568	
0.0718289	0.0902665	0.176164	0.248834	0.127024	0.285882	
0.107828	0.0587068	0.174488	0.208561	0.120628	0.329787	
0.0438953	0.0424569	0.114439	0.356209	0.0766786	0.366321	
0.139058	0.0601928	0.189565	0.194604	0.105934	0.310646	
0.133676	0.0795302	0.172647	0.184444	0.142413	0.28729	
0.100279	0.0778235	0.16178	0.199509	0.124998	0.335612	
0.11606	0.165611	0.236208	0.173245	0.10823	0.200647	
0.176614	0.0846691	0.261799	0.139155	0.168586	0.169177	
0.14962	0.0686221	0.152711	0.225353	0.155265	0.248428	
0.149215	0.0532837	0.165252	0.220774	0.136056	0.275419	
0.129285	0.053452	0.182199	0.215427	0.111777	0.307859	
0.0967922	0.0471616	0.102047	0.425884	0.0808815	0.247234	
0.0994301	0.0936812	0.199251	0.154124	0.190366	0.263147	
0.0398523	0.0544098	0.190722	0.277077	0.144188	0.293752	
0.174905	0.0660995	0.196444	0.184381	0.123995	0.254176	
0.0712894	0.0729182	0.167213	0.230354	0.102513	0.355712	
0.146313	0.0827043	0.183172	0.149006	0.162252	0.276552	
0.123191	0.0389222	0.304351	0.186021	0.134636	0.212878	
0.245557	0.0645839	0.178671	0.14731	0.14396	0.219919	
0.11349	0.0460009	0.173213	0.246266	0.0979589	0.323072	
0.140982	0.0605251	0.187317	0.215449	0.113568	0.282159	
0.126018	0.0797176	0.25999	0.113098	0.164751	0.256426	
0.130052	0.0567215	0.190909	0.223491	0.113928	0.284899	
0.101185	0.0772998	0.166488	0.197414	0.131154	0.326459	
0.0834536	0.0681176	0.166613	0.221725	0.117372	0.342718	
0.1165	0.0602078	0.2132	0.207235	0.132703	0.270154	
0.0589573	0.0670113	0.0878131	0.277107	0.137799	0.371312	
0.0958474	0.0541014	0.210449	0.184855	0.19043	0.264318	
0.174168	0.0800444	0.23541	0.153376	0.148538	0.208463	
0.0790124	0.0997714	0.167085	0.244856	0.111041	0.298234	
0.0989603	0.0523441	0.130891	0.230282	0.128976	0.358546	
0.0671114	0.0825136	0.115836	0.321479	0.174554	0.238507	
0.154546	0.0555758	0.246476	0.172749	0.125298	0.245355	
0.181463	0.0773381	0.205547	0.138119	0.175497	0.222036	
0.121996	0.0572239	0.180429	0.223241	0.100603	0.316507	
0.102109	0.0533519	0.128636	0.344174	0.107511	0.264219	
0.0778433	0.0790782	0.175534	0.197871	0.152415	0.317259	
0.0886549	0.0694704	0.194703	0.192095	0.189238	0.265838	
0.159506	0.115491	0.16808	0.156905	0.123509	0.276508	
0.0787344	0.0714992	0.203587	0.219075	0.129977	0.297127	
0.113667	0.0477113	0.189249	0.250502	0.105669	0.293202	
0.0881403	0.0781947	0.174067	0.20037	0.118603	0.340625	
0.163147	0.0547318	0.171543	0.187224	0.141949	0.281405	
0.127206	0.0460068	0.157862	0.244967	0.100374	0.323584	
